0 0.594007603125 0.40452167031249997 0.5930869000000001 0.43202651718749996 0.593577334375 0.45284829843749996 0.592483475 0.46547219375 0.5936182578125 0.5203432718750001 0.5931358671875 0.5428646984375 0.5946491484374999 0.5662857765625 0.5929805484374999 0.593494590625 0.5887740734375 0.6158586046875001 0.5891875484375 0.6300666296874999 0.5929424171875 0.6328695468750001 0.6031533953125 0.6360335 0.6076638546875001 0.639793825 0.6138894374999999 0.662995425 0.6161677562500001 0.666859715625 0.619418896875 0.669024359375 0.6447434515625 0.6701609203125 0.7233029156249999 0.6612080828125 0.7783932250000001 0.6612891453125 0.7924954984375 0.6576545171875 0.794200825 0.6549281546875 0.79655785 0.6442306296875 0.801135475 0.632437075 0.803721278125 0.620074559375 0.8012197828125001 0.597030375 0.8022538265625 0.5579399015625001 0.8015898890625 0.479555334375 0.8000650640625 0.45514219218749996 0.796517634375 0.427514584375 0.7948773734375 0.3931808078125 0.7930527609375 0.3856558484375 0.7907552046874999 0.38013811875000003 0.7884922765625 0.3775965796875 0.7777621796874999 0.3724716015625 0.7449124953124999 0.36440645625 0.7168174390625001 0.3597593984375 0.6942402999999999 0.3601492109375 0.6657338671875 0.3628003875 0.646190634375 0.3680119 0.6276856421875 0.3771454609375 0.6049489875 0.38515264375 0.600771196875 0.3886559 0.595174571875 0.3981808421875 0.594007603125 0.40452167031249997
4 0.2801193875 0.44421149218749995 0.27932951250000004 0.48295972656249997 0.277739621875 0.4956067234375 0.2767804375 0.51980469375 0.2737353328125 0.5566727640625 0.27117646562500003 0.571350096875 0.2710708234375 0.5835970968749999 0.27246866718749996 0.597097540625 0.27061921718750004 0.6087640265625 0.2713653609375 0.6302356328125 0.2732092140625 0.6394140312500001 0.2767545453125 0.6455353781250001 0.2847449234375 0.649795359375 0.29120487968750003 0.6504870828125 0.32640774375000003 0.647524015625 0.332883090625 0.649538490625 0.3511036875 0.6586158640625001 0.3994898703125 0.65834744375 0.46233408281250005 0.663692103125 0.49090768125000006 0.6454870484375 0.5174509765625 0.6234061484375 0.5507484218750001 0.605973678125 0.5593173874999999 0.5959794281249999 0.5666077953124999 0.58273605625 0.5709143171875 0.568969928125 0.573463390625 0.532124959375 0.5749742265625 0.49135794375 0.5750333484375 0.43246085624999997 0.5741353828125 0.41926799687500005 0.57102066875 0.40750185468750005 0.566471728125 0.4004346484375 0.542656259375 0.379706646875 0.5217113375 0.371087028125 0.473699803125 0.33957476249999996 0.463484978125 0.33608012187499997 0.4570173265625 0.334727021875 0.42672475781249997 0.3331601171875 0.3436086578125 0.334384375 0.3319711515625 0.33658073593750004 0.2951360703125 0.3485532359375 0.288764615625 0.3554673328125 0.2846868703125 0.3675684703125 0.28283742031250003 0.37923495625000003 0.2834048125 0.4066704953125 0.2801193875 0.44421149218749995
4 0.207697696875 0.5541237765625 0.20978186875 0.5626292484375 0.22030242968749997 0.5710726562499999 0.230392371875 0.585160859375 0.236875415625 0.587836709375 0.2485629453125 0.5899392906250001 0.263455440625 0.5902382625 0.269869221875 0.58696173125 0.27276460625 0.5798786703125 0.275754090625 0.5595565421875001 0.2765576078125 0.5433066328125 0.279504765625 0.5193469390625001 0.2797639765625 0.47764561875 0.280110421875 0.453947903125 0.2822363484375 0.4303274078125 0.2834006265625 0.406591690625 0.24843457500000002 0.4082992609375 0.2427148171875 0.40724219375 0.2201953953125 0.41259232343749996 0.21426995 0.41518437500000005 0.20838683125 0.42141399375 0.203549646875 0.432227034375 0.204157615625 0.4844757109375 0.20581501875 0.498956665625 0.207697696875 0.5541237765625
0 0.020091946875 0.51704885625 0.0253432109375 0.5188448593749999 0.032590048437500005 0.527689965625 0.0358241 0.542503628125 0.034375171875 0.5495431234375 0.04089749375 0.5509398187500001 0.068454265625 0.5488956609375 0.076160740625 0.5482921968750001 0.0823885109375 0.5463016484375001 0.085821146875 0.5452915218750001 0.08650309218749999 0.5381177125 0.0881832859375 0.529026875 0.0960290078125 0.5235599921875 0.10304249843749999 0.51235020625 0.1114100921875 0.507879309375 0.125576534375 0.5084098421875 0.1237241703125 0.4807781609375 0.11502493437500001 0.47790625000000003 0.10151225625 0.46854889375 0.0616014765625 0.47179194375 0.039043575000000004 0.473835196875 0.029858914062500002 0.4793532671875 0.0228542703125 0.4803597078125 0.0198160046875 0.48237175624999995 0.0197775046875 0.4900257453125 0.0205079546875 0.49798401875 0.020091946875 0.51704885625
3 0.05056745273708767 0.516675923697483 0.014907384667409063 0.006160108767505612
1 0.05415552940004239 0.4891502371797184 0.010256247334499946 0.009066784946188022
2 0.052384491406723896 0.5384781490903772 0.008648294000636336 0.005087760339082159
1 0.41504702872372456 0.40120916563471243 0.04817441800604527 0.04675087551672874
3 0.3337697567234065 0.402649695204217 0.06456248667249972 0.04595250889134021
2 0.43975776941435996 0.5767164338316775 0.04239658533577249 0.01993366439185813
1 0.6915549847230883 0.3836405601769757 0.034684082670272606 0.028163541356328814
3 0.725621996737724 0.48992479342775275 0.04801078600413611 0.03268837551672874
2 0.764658319422314 0.620209452857212 0.04790169800286357 0.02331337551672874