0 0.5892857140625 0.40608465625 0.5830853171875 0.41446208125000006 0.57862103125 0.425485009375 0.5771329359374999 0.43298059999999994 0.575644840625 0.4594356265625 0.57490079375 0.5101410937499999 0.5716765875 0.5533509703124999 0.572420634375 0.594797178125 0.5741567453124999 0.6071428578125 0.5791170640625001 0.6146384484375 0.5870535718750001 0.6208112875 0.5927579359374999 0.63271605 0.593998015625 0.6428571421875 0.596478175 0.6459435625000001 0.6056547625 0.6481481484375 0.6674107140625 0.650352734375 0.684027778125 0.6547619046875 0.696924603125 0.6556437390625 0.703869046875 0.64770723125 0.7115575390625 0.6335978843750001 0.7271825390625 0.6102292765625 0.7356150796875001 0.5811287484375 0.7410714281249999 0.5454144624999999 0.7418154765625 0.5299823640625 0.7366071421875 0.484126984375 0.7356150796875001 0.455467371875 0.73115079375 0.4448853609375 0.7264384921875 0.4378306875 0.71279761875 0.42372134062500005 0.69345238125 0.4082892421875 0.6708829359374999 0.3981481484375 0.640873015625 0.3963844796875 0.6076388890625 0.3990299828125 0.593998015625 0.40211640156249995 0.5892857140625 0.40608465625
0 0.419146825 0.395061728125 0.4144345234375 0.4012345671875 0.41319444375 0.40652557343750007 0.4154265875 0.43518518593750005 0.41344246093750003 0.45679012343750003 0.41195436562500004 0.5189594359374999 0.41220238125 0.5820105812499999 0.412946428125 0.5859788359375 0.4164186515625 0.59391534375 0.41865079375 0.5961199296874999 0.4310515875 0.6005290999999999 0.4360119046875 0.6044973546875 0.43799603125 0.6071428578125 0.439980159375 0.6159612 0.44196428593750003 0.6194885359375 0.4513888890625 0.6221340390625001 0.4761904765625 0.6208112875 0.4985119046875 0.6221340390625001 0.5171130953125 0.625661375 0.5295138890625 0.624338625 0.536954365625 0.6208112875 0.5639880953125 0.5987654328125 0.568700396875 0.591269840625 0.571924603125 0.573192240625 0.5726686515625 0.542768959375 0.5706845234375 0.5198412703125 0.5714285718750001 0.4977954140625 0.5761408734375 0.45679012343750003 0.57862103125 0.44753086406250003 0.57862103125 0.44179894218750004 0.5709325390625 0.42813051093750004 0.5399305562500001 0.4104938265625 0.53174603125 0.40255731875 0.5193452375 0.3981481484375 0.5069444437499999 0.38800705468749996 0.48759920625 0.3871252203125 0.4543650796875 0.388447971875 0.4298115078125 0.39153439218749997 0.419146825 0.395061728125
0 0.22767857187499999 0.40211640156249995 0.2383432546875 0.408730159375 0.24156746093749998 0.4131393296875 0.2435515875 0.41887125156250005 0.24503968281250002 0.428571428125 0.2477678578125 0.4717813046875 0.246527778125 0.5136684296875 0.24330357187499999 0.5440917109375001 0.243799603125 0.5537918875 0.2452876984375 0.5582010578125 0.25322420625 0.56393298125 0.2772817453125 0.5714285718750001 0.2896825390625 0.58068783125 0.3033234125 0.5850970015625 0.3695436515625 0.5873015875 0.403769840625 0.5802469140625 0.40997023749999995 0.573192240625 0.41195436562500004 0.566137565625 0.412946428125 0.5573192234375 0.4136904765625 0.49338624375 0.419146825 0.4343033515625 0.419146825 0.428571428125 0.41741071406249997 0.42019400312500005 0.4112103171875 0.40564373906249995 0.4045138890625 0.3999118171875 0.390625 0.3999118171875 0.3658234125 0.396825396875 0.35243055624999997 0.38800705468749996 0.343005953125 0.38447971718749996 0.325396825 0.3853615515625 0.2832341265625 0.3822751328125 0.2547123015625 0.38447971718749996 0.22544642812500001 0.3928571421875 0.22767857187499999 0.40211640156249995
0 0.16592261875 0.4166666671875 0.1636904765625 0.441358025 0.16344246093749998 0.465608465625 0.159226190625 0.49603174531249994 0.159226190625 0.5189594359374999 0.1582341265625 0.5326278656250001 0.159226190625 0.537918871875 0.1654265875 0.5507054671875 0.17286706406250002 0.5582010578125 0.1770833328125 0.56040564375 0.190476190625 0.5617283953125 0.2021329359375 0.5599647265625001 0.20982142812500001 0.56525573125 0.21602182499999997 0.5670194000000001 0.2279265875 0.56393298125 0.23487103125000003 0.5590828921875 0.24181547656250002 0.5454144624999999 0.2435515875 0.5330687828125 0.24429563437500001 0.4735449734375 0.24677579375 0.415343915625 0.2445436515625 0.3928571421875 0.237351190625 0.38800705468749996 0.21626984062500001 0.38051146406249997 0.1770833328125 0.38051146406249997 0.17088293593749998 0.3853615515625 0.1666666671875 0.3928571421875 0.16592261875 0.4166666671875
1 0.2046875 0.39453125 0.02265625 0.01640625
1 0.28515625 0.40546875 0.02734375 0.0234375
1 0.46640625 0.41328125 0.03828125 0.0203125
1 0.63828125 0.42109375 0.03828125 0.0265625
3 0.66796875 0.525 0.0359375 0.02734375
3 0.49140625 0.5015625 0.028125 0.02734375
3 0.30859375 0.4828125 0.021875 0.01953125
3 0.21484375 0.465625 0.01640625 0.01484375
2 0.215625 0.53359375 0.0171875 0.0109375
2 0.30703125 0.55078125 0.02265625 0.01484375
2 0.496875 0.584375 0.03046875 0.0140625
2 0.67265625 0.61484375 0.03203125 0.0203125