0 0.5702988234374999 0.47283390937499997 0.5689647640625 0.5235220578125 0.5652377656249999 0.566656890625 0.5654995421875 0.608120415625 0.5670919984375 0.6205065046875 0.5719650984375 0.6281175484375 0.5798297781249999 0.6344751109375 0.58539561875 0.6465126437500001 0.5865176953125 0.6566826 0.588961940625 0.659826746875 0.5981128765625 0.66224491875 0.659843175 0.6658868906250001 0.6764089328125 0.670682828125 0.689295496875 0.6718648390624999 0.696332290625 0.664089965625 0.7041849609375 0.6501595703125 0.720081878125 0.6271546375 0.7288530343749999 0.5982503796875001 0.73472495625 0.5626630921875 0.7356485734375 0.5472483109375 0.7309738140625 0.5012717062500001 0.7303152374999999 0.47258900312499996 0.725974084375 0.461903084375 0.7213438703125 0.45473873125 0.707867175 0.44031188906249996 0.6887015062499999 0.42442952500000003 0.6662500625 0.41376312187500003 0.6362606640624999 0.4113009640625 0.6029957546875 0.413172934375 0.5893189671875 0.415941859375 0.584560490625 0.4198004328125 0.5782626140625 0.4280335421875 0.573670065625 0.4389525640625 0.57209475 0.44641351875 0.5702988234374999 0.47283390937499997
0 0.40812722656249995 0.466413103125 0.4059157265625 0.5285477796875 0.40543007500000006 0.5916046984375 0.406127946875 0.5955902703125 0.40950782031250005 0.6036075953125 0.4117143109375 0.605864134375 0.4240637984375 0.6105619375 0.428977940625 0.6146456437500001 0.430931284375 0.617337328125 0.4328128015625 0.6262018515625 0.434755884375 0.6297753687500001 0.4441497046875 0.6326402328125 0.4689666828125 0.63189474375 0.49127272031249997 0.6337370328125 0.509832865625 0.637697315625 0.5222490515625 0.6366631968750001 0.529730571875 0.6333090390625 0.557020828125 0.6118924015625 0.56182035 0.6045064890625 0.5652549078125 0.5865039328125 0.5663529625 0.5560979703125 0.564635621875 0.5331241 0.5656361984375 0.5110955609375 0.5708256390625001 0.47019995156250005 0.5734135375 0.46099841875 0.5734802343750001 0.45526649687500004 0.5659507890625 0.4414191140625 0.535154028125 0.42306085 0.527061853125 0.4149338453125 0.5147123640625 0.41023604375 0.5024295734375 0.39980631718750004 0.483094596875 0.3984742171875 0.44984507812499996 0.3990234359375 0.42525559218750003 0.401538365625 0.414549865625 0.404817478125 0.4097657359375 0.41088063750000003 0.408464090625 0.41614278125000004 0.41036275 0.444854346875 0.40812722656249995 0.466413103125
0 0.240052803125 0.43427479062499996 0.2422781859375 0.477548165625 0.2405507046875 0.519406428125 0.2369724921875 0.5497546640625 0.2373556515625 0.5594663859375 0.238792440625 0.5639101921874999 0.24666225156250002 0.569826840625 0.270632571875 0.5778823765625 0.28292562499999996 0.5874302671875 0.2965151921875 0.5921569328125 0.362709778125 0.5959028109375 0.39701805625 0.5896447609375 0.4033005421875 0.582734403125 0.405366759375 0.575725909375 0.40646143125 0.5669306578125 0.4079494078125 0.503014996875 0.4140932484375 0.44405910156250006 0.4141599453125 0.43832717812500005 0.41252131406250003 0.42990934531249997 0.40649022500000004 0.41521476562500004 0.39986049375 0.4093269828125 0.3859716046875 0.40900371562500004 0.36120593125 0.40534003125 0.3479156859375 0.3962099671875 0.3385321265625 0.39246326875 0.3209127375 0.392935246875 0.278785953125 0.3888674796875 0.250238475 0.3904082125 0.22087512187499997 0.398104465625 0.2229995234375 0.40741567968750003 0.23358724843749998 0.41427766093749996 0.23676015 0.41876187500000006 0.23867757968749997 0.424539978125 0.240052803125 0.43427479062499996
0 0.1531875515625 0.5226654671875 0.152036440625 0.53631080625 0.1529669375 0.541624903125 0.15901855 0.5545558140625 0.16637180625 0.5622245828125 0.1705624234375 0.5645273046875 0.1839398890625 0.566161778125 0.19561715625 0.5646694234375 0.2032440828125 0.5701393796875001 0.20942395625 0.5720473640625 0.2213646328125 0.56923803125 0.2283655125 0.5645495765625 0.2354690046875 0.5510427796874999 0.23734877031249998 0.538737509375 0.2387854390625 0.4792310171875 0.2419428296875 0.4210876859375 0.2399723453125 0.398548959375 0.23283632031249998 0.393531465625 0.21184218906250002 0.38554520000000003 0.17265568125 0.384633125 0.1663988484375 0.3893388953125 0.16209536093750002 0.3967363515625 0.1610742625 0.420528559375 0.15855481093749998 0.44516796249999996 0.158024615625 0.46941263125 0.1534543390625 0.4997377765625 0.1531875515625 0.5226654671875
1 0.20009671327977516 0.39929540444465295 0.022847154002227123 0.016933580072118114
1 0.28043819394495706 0.4121058353904516 0.027616470003181702 0.02407393284565984
1 0.4615972872772298 0.4241369759673962 0.038517607336090796 0.021203505983923777
1 0.6333813806095027 0.43594991099725744 0.038590332670272606 0.0274535059839236
3 0.6618598219287305 0.540547145229688 0.03625567333704538 0.02818020459715278
3 0.4855700419319122 0.5130001074262852 0.028443173337045203 0.02799836664125017
3 0.30297571793445754 0.48999509925816 0.022102266669318027 0.020040396276527872
3 0.20942571260345746 0.4706255437873265 0.016578972668681757 0.015225609707395903
2 0.20941607459423056 0.5386124775829169 0.01731476933481808 0.011337543502986236
2 0.3006223299252307 0.5579274816669795 0.02282897266868176 0.015371080072118204
2 0.4900751812540037 0.595939893995417 0.030632382001908987 0.014771668028020813
2 0.6655018952498675 0.6304999980032298 0.0322676073360908 0.021058035619201478