0 0.43389401875000005 0.42158775468750004 0.3856480640625 0.4309793375 0.372658784375 0.43932740781249996 0.23475578437500003 0.464897440625 0.20321031562499997 0.4726194046875 0.1980146109375 0.48618502656249996 0.179458490625 0.47908915781249994 0.177641928125 0.49445288437499996 0.174114590625 0.544552090625 0.17720101093750001 0.5552167734375 0.1869011875 0.5681135984375 0.18998760625 0.57778621875 0.194396778125 0.5847306624999999 0.20806520781249999 0.5886989171875 0.2287883125 0.59068304375 0.266266265625 0.5899389953124999 0.313444396875 0.5869628046875001 0.35621335625 0.5874588375 0.36944086875000004 0.5891949484375 0.38090471406250004 0.5919231234375 0.3861957203125 0.5919231234375 0.4188235859375 0.587706853125 0.43513751875000006 0.5832425671875 0.455860621875 0.5713378046875001 0.4831974828125 0.5604251062500001 0.49598407968749997 0.5522405828125 0.5153844328125 0.5455441546875 0.5250846078125 0.5405838375 0.561680728125 0.53091121875 0.576671909375 0.5224786781249999 0.60136326875 0.5056135984375 0.6120328828125 0.493589896875 0.6049815749999999 0.42054424375000005 0.5942189953125 0.4126135796875 0.568982634375 0.412404871875 0.502922828125 0.41323968593749993 0.4717485265625 0.4155353984375 0.43389401875000005 0.42158775468750004
0 0.62742504375 0.390873015625 0.606701940625 0.39732142812500004 0.5956790125 0.40228174531249994 0.5767195765625 0.41617063437499996 0.5767195765625 0.42113095312500004 0.5903880078125 0.4327876984375 0.596560846875 0.44097222187499996 0.6000881828125 0.484126984375 0.6018518515625 0.4895833328125 0.6062610234375 0.4920634921875 0.6287477953125 0.493303571875 0.657848325 0.4925595234375 0.6834215171875 0.4985119046875 0.705467371875 0.49156746093750003 0.71472663125 0.4831349203125 0.7173721343749999 0.477678571875 0.722222221875 0.4228670640625 0.7213403875 0.403769840625 0.719135803125 0.3953373015625 0.7160493828125001 0.39112103125000003 0.7085537921875 0.388144840625 0.6940035265625 0.387896825 0.6829805999999999 0.3893849203125 0.643298059375 0.3888888890625 0.62742504375 0.390873015625
0 0.2001763671875 0.353174603125 0.1975308640625 0.36631944375000003 0.20105820156249998 0.3762400796875 0.20546737187500003 0.3804563484375 0.2142857140625 0.3824404765625 0.2235449734375 0.3829365078125 0.2689594359375 0.3829365078125 0.29100529062499997 0.3799603171875 0.3051146390625 0.3797123015625 0.3165784828125 0.38194444375000003 0.3311287484375 0.3826884921875 0.3470017640625 0.3854166671875 0.35582010625 0.3859126984375 0.365079365625 0.3841765875 0.38007054687499997 0.384424603125 0.38800705468749996 0.3814484125 0.39153439218749997 0.3787202375 0.393298059375 0.368799603125 0.39197530937499997 0.3539186515625 0.384920634375 0.34821428593750003 0.3796296296875 0.3459821421875 0.36728394999999997 0.3477182546875 0.3377425046875 0.3489583328125 0.2495590828125 0.3449900796875 0.2142857140625 0.34821428593750003 0.20546737187500003 0.3501984125 0.2001763671875 0.353174603125
0 1 0.453373015625 0.9880952375 0.45114087343750003 0.9783950625 0.45114087343750003 0.9369488531249999 0.4548611109375 0.9029982359375 0.46031746093750003 0.8862433859375001 0.4640376984375 0.8571428578125 0.4670138890625 0.8205467375 0.47470238125 0.791005290625 0.48214285781250005 0.7857142859375 0.48363095312500004 0.7813051140625 0.48635912656249997 0.7746913578125 0.49627976250000005 0.7671957671875 0.518105159375 0.7654320984375 0.5300099203124999 0.765873015625 0.5572916671875 0.7636684296875 0.5699404765625 0.7636684296875 0.5927579359374999 0.76675485 0.6056547625 0.771164021875 0.609375 0.7870370375 0.606894840625 0.8090828921875 0.6113591265625 0.8346560843749999 0.615079365625 0.8478835984374999 0.6205357140625 0.8611111109375 0.6237599203124999 0.8734567906249999 0.62549603125 0.9029982359375 0.6264880953125 0.9528218687500001 0.634424603125 0.9735449734375001 0.634920634375 0.982363315625 0.6316964281249999 0.9863315703125 0.627976190625 0.9894179890625001 0.6202876984375 0.98985890625 0.5736607140625 0.992504409375 0.5429067453124999 1 0.5133928578125 1 0.453373015625
0 0.11728395 0.3449900796875 0.12477954218750001 0.3519345234375 0.143298059375 0.3509424609375 0.155202821875 0.3521825390625 0.16446208125 0.3546626984375 0.2001763671875 0.3544146828125 0.219135803125 0.34970238125 0.22971781249999998 0.34375 0.228835978125 0.340773809375 0.21516754843750002 0.337549603125 0.1843033515625 0.3385416671875 0.1596119921875 0.33506944375000003 0.1499118171875 0.33482142812500004 0.12566137500000002 0.33680555624999997 0.116402115625 0.340773809375 0.11728395 0.3449900796875
1 0.27890625 0.48359375 0.05 0.0125
1 0.61875 0.42265625 0.03125 0.01015625
1 0.8796875 0.50625 0.0453125 0.0171875
3 0.33046875 0.53828125 0.05 0.02421875
3 0.6484375 0.4578125 0.0390625 0.01328125
3 0.9296875 0.56015625 0.015625 0.015625
2 0.3375 0.5609375 0.0359375 0.00546875
2 0.659375 0.4734375 0.0265625 0.00546875
2 0.93203125 0.61796875 0.04375 0.01328125