0 0.47539806562500003 0.393965540625 0.46334508281250003 0.3976723671875 0.4543760875 0.398716375 0.440514146875 0.398135803125 0.435969015625 0.400145903125 0.43440007343750003 0.40213868750000004 0.4258597375 0.4048332484375 0.41446448281250003 0.40456893593750004 0.40611278906250003 0.4026338671875 0.399599528125 0.3920922578125 0.392293796875 0.3888286671875 0.3876084453125 0.38819470625 0.3712393984375 0.3882899390625 0.34010266875 0.39177718125 0.324361871875 0.4007952140625 0.3170805671875 0.4091028109375 0.3083650609375 0.41609631562500005 0.3047231453125 0.4263663953125 0.300620146875 0.429696359375 0.285510128125 0.43540462812499997 0.2801131515625 0.440064559375 0.2758888828125 0.4463707140625 0.2728507953125 0.4539924078125 0.2649471359375 0.48974420781249994 0.26645713125000003 0.513539303125 0.26639818437499996 0.53932718125 0.2630476578125 0.5667872578125001 0.261648834375 0.588946228125 0.26057635 0.6213521937500001 0.261865278125 0.64448735625 0.26616786875 0.6484296359374999 0.276490215625 0.65068385 0.32907505625 0.6563288890625001 0.3629698578125 0.6703479 0.3696123890625 0.6716316921875001 0.3887096109375 0.6715205890625 0.40371183437499997 0.6684578234375 0.4196252734375 0.6673734140625001 0.43028995625000005 0.66731136875 0.45396473437499996 0.6704797265625 0.46902085624999995 0.666094209375 0.48678620156249996 0.656072571875 0.4952536890625 0.6490805109375 0.5028423859375 0.6453996578125001 0.5318547671875 0.6392798984375 0.547212803125 0.6335701874999999 0.5672102906250001 0.6235355625000001 0.5834525937499999 0.6204655812500001 0.5958209625 0.615103875 0.618336509375 0.6162953203125 0.6483733796875 0.6154593515625 0.65935345 0.6137424234375 0.6716948703125001 0.6090420921875 0.6767899328125 0.6057063546875 0.6806988140625 0.60105508125 0.6877535796875 0.5861366140625 0.693713959375 0.579820359375 0.7136036531250001 0.5724312359375 0.7475788765625 0.5540500546875 0.7496708 0.551393009375 0.753051225 0.5414550578124999 0.756469125 0.5123415437500001 0.7556273796874999 0.46606111875 0.75689945625 0.4409274015625 0.7564084734375001 0.41646515937500006 0.7575942296875 0.38736463125 0.75649689375 0.377783340625 0.7551570187500001 0.37415443125 0.7444274890625 0.363637353125 0.7067101265625 0.35823642499999997 0.692748390625 0.3540197296875 0.6801265296875 0.35343194218749996 0.6683485124999999 0.35647595 0.60639044375 0.361795553125 0.565707840625 0.3683138171875 0.5288722203125 0.377785184375 0.513031628125 0.38316709375 0.4922900921875 0.3932060484375 0.47539806562500003 0.393965540625
1 0.32343756962075176 0.45816546136156366 0.038486838441013124 0.024436918617910842
3 0.3415880503433798 0.5494444463344491 0.030674338441013128 0.024391466822512697
2 0.3503953645641051 0.639996723461812 0.027853085969555113 0.012659081283893415
2 0.7274366615218059 0.4151996938985622 0.030547004448624192 0.021266466822512698
0 0.684045509375 0.2998504125 0.6866903125 0.31405123281249997 0.69095795625 0.32493651562500003 0.6968753875 0.3318448875 0.7082761171875 0.3380601390625 0.7219683640625 0.348890590625 0.7326789453125 0.3537874203125 0.7769390421875 0.3568360171875 0.7925640421875 0.35674511249999996 0.7975782578125 0.355393503125 0.8067358953125 0.349719865625 0.8114561953124999 0.343410825 0.8142732171875 0.3351292 0.814690075 0.26404574531249997 0.812764896875 0.23826940937500002 0.8112309015625 0.23331919218750002 0.803229546875 0.222786240625 0.7882972203125 0.211963003125 0.7660646390625 0.20382711250000002 0.741713184375 0.19900964375000002 0.7345341984375 0.1987208 0.7003539078125 0.203878796875 0.68845461875 0.20989899531249998 0.6858127671875 0.2138816765625 0.6812301609375 0.23506734218749997 0.6805294875000001 0.25226310937499996 0.68408845625 0.2866257859375 0.684045509375 0.2998504125
0 0.6722287421875001 0.2308217890625 0.6779141578125001 0.22516835156249998 0.6832113375 0.216872296875 0.6875758281250001 0.2132102015625 0.7066811109375 0.20120465781250002 0.7646368625 0.2042631 0.8007995625 0.2295198921875 0.8231141890625 0.23986224687500002 0.8280745062499999 0.2398333890625 0.839581875 0.240499821875 0.84646144375 0.24045979687500002 0.8479454875 0.222793925 0.8493007015625 0.18747360625 0.8508342687500001 0.16200775781250001 0.8493541734375001 0.1557347890625 0.8431617749999999 0.14948923593750002 0.8262562718750001 0.1505794171875 0.8026488671875001 0.14575761874999998 0.7796642375 0.14390768437499998 0.746705075 0.1434382171875 0.720622984375 0.144581784375 0.7023237078125 0.14336580937500001 0.6915916531249999 0.14508129375 0.680182921875 0.1451476671875 0.6661268640625 0.1432457875 0.6529820234375 0.1433222609375 0.6466847812500001 0.15790571250000002 0.6457066171875 0.1879968640625 0.6410566390625 0.21083596718750003 0.6447339296875 0.2240389515625 0.649357384375 0.2322772875 0.663467340625 0.23285641875000002 0.6722287421875001 0.2308217890625
1 0.7765638641069945 0.24464175420341244 0.015321252471457925 0.011805108411256348
1 0.8266540474148114 0.16546279343102394 0.014412668479069168 0.008675563231716588
3 0.7894339372249684 0.2929928957921561 0.017665002471457924 0.01181874394987581
3 0.838566456996632 0.19897927537884721 0.012100751977166624 0.009443177693097127
2 0.8403226165784524 0.23255484466068793 0.010442751482874968 0.007090337334017515
2 0.7930881778334283 0.33749232953537744 0.019913251977166268 0.00948862948849527