0 0.49156746093750003 0.40826675625000003 0.4796626984375 0.41162723593750006 0.47073412656249997 0.412411484375 0.45684523749999995 0.4114268421875 0.45238095312500004 0.4133070609375 0.45089285781250005 0.415256553125 0.4424603171875 0.4177057859375 0.4310515875 0.4171095578125 0.42261904687499996 0.414929159375 0.415674603125 0.40418551562499994 0.40823412656249997 0.40070545781250005 0.403521825 0.399934403125 0.38715277812500004 0.399553409375 0.35615079375 0.40213870781249994 0.340773809375 0.41070937656249995 0.333829365625 0.4188149375 0.325396825 0.42556311406249997 0.32217261875 0.4357393921875 0.318204365625 0.4389539078125 0.3033234125 0.44422924375 0.2981150796875 0.44873764843749997 0.294146825 0.45492835468750004 0.2914186515625 0.46247067499999994 0.2849702375 0.498034871875 0.287450396875 0.5219021234375 0.2884424609375 0.5477188640625 0.2862103171875 0.575114 0.28571428593750003 0.5972585390625 0.2859623015625 0.6296717203125 0.28819444375000003 0.652871821875 0.2926587296875 0.6569439828125 0.303075396875 0.6595012484375 0.35590277812500004 0.6666832 0.390376984375 0.681705171875 0.3970734125 0.6831837843749999 0.41617063437499996 0.683628278125 0.4310515875 0.6809984453125 0.446924603125 0.68037583125 0.45758928593750003 0.6806240546875 0.481398809375 0.6844851046875 0.49627976250000005 0.6805325203125 0.5136408734375 0.6710159703125 0.521825396875 0.664262021875 0.5292658734375 0.6607976359375 0.5580357140625 0.6555148796875 0.5731646828125 0.6502453187499999 0.5927579359374999 0.6407807203125 0.60887896875 0.6381797515625001 0.6210317453124999 0.63317160625 0.643601190625 0.6350196671874999 0.6736111109375 0.6350567781249999 0.684523809375 0.6336573359375001 0.6966765875 0.629310565625 0.7016369046875 0.6261191390625 0.7053571421875 0.6215761 0.7118055562500001 0.6068452359375 0.7175099203124999 0.6006949374999999 0.737103175 0.59387584375 0.7703373015625 0.5764615453124999 0.7723214281249999 0.573862225 0.77529761875 0.5640108609375 0.7775297625 0.5349622859375 0.7748015875 0.48860249062500005 0.775049603125 0.4634759875 0.7735615078125 0.4389704515625 0.7735615078125 0.4098699234375 0.7720734125 0.400245340625 0.7705853171875 0.3965731375 0.759424603125 0.38573135937499997 0.721478175 0.379226453125 0.7073412703125 0.374598471875 0.6946924609375 0.3736426921875 0.6830357140625 0.37634756875 0.6212797625 0.3798705 0.580853175 0.3852126296875 0.544394840625 0.39362331250000004 0.528769840625 0.398550640625 0.5084325390625 0.40799792031250004 0.49156746093750003 0.40826675625000003
1 0.3421875 0.4681207524685419 0.0375 0.025091572188333446
3 0.3640625 0.5600361487450698 0.0296875 0.02490973423243048
2 0.3765625 0.6509520894745142 0.02734375 0.01313643284565984
2 0.74453125 0.4368604071975353 0.0296875 0.02178473423243048
0 0.6964285718750001 0.3201116703125 0.699652778125 0.3344062921875 0.7043650796875001 0.34542867187500004 0.7105654765625 0.35251743125 0.722222221875 0.3590718140625 0.7363591265625 0.3703135515625 0.747271825 0.37552786562499996 0.7916666671875 0.37986804531249996 0.8072916671874999 0.38023172031249997 0.812251984375 0.37902442187499996 0.8211805562500001 0.37361054375 0.825644840625 0.3674313828125 0.828125 0.35922191406250004 0.825644840625 0.28806630312500003 0.8226686515624999 0.26220338125 0.8209325390625001 0.25720265468750003 0.8125 0.246424375 0.797123015625 0.2351537734375 0.7745535718750001 0.2263612671875 0.75 0.22082945937499998 0.7428075390625 0.22033136562500003 0.708829365625 0.22450083125 0.69717261875 0.2301819 0.6946924609375 0.2340924265625 0.690972221875 0.2551698578125 0.690972221875 0.272365625 0.6959325390625 0.3068726125 0.6964285718750001 0.3201116703125
0 0.681795634375 0.2506573296875 0.687251984375 0.24516263437500002 0.6922123015625 0.237010890625 0.6964285718750001 0.23347145937499997 0.71504908125 0.22200764374999998 0.7731432265625 0.22675622343750002 0.8103438796875 0.253095296875 0.8330853171875001 0.26409927187500004 0.838045634375 0.26421472343749997 0.8495828921875 0.2652168109375 0.8564624609375 0.265376934375 0.8572268578125 0.2477333015625 0.8571428578125 0.21241053906250001 0.8576388890625 0.186959121875 0.855902778125 0.18063564375000002 0.849454365625 0.1742024875 0.8325892859374999 0.1748020109375 0.8087797625 0.1692875203125 0.7857142859375 0.1667665390625 0.752728175 0.165337403125 0.7266865078125 0.1657233390625 0.7083333328125 0.1639734125 0.6976686515625 0.1653786296875 0.6862599203124999 0.1651130875 0.672123015625 0.162799921875 0.658978175 0.162493971875 0.653273809375 0.176911465625 0.653521825 0.20700983125 0.6498015875 0.2297407015625 0.6540178578125 0.24306635000000001 0.658978175 0.2514489984375 0.6731150796875001 0.252439415625 0.681795634375 0.2506573296875
1 0.78671875 0.2675298321594104 0.01484375 0.01206424211621524
1 0.83359375 0.18971460989482708 0.0140625 0.008921058320624998
3 0.8015625 0.3163128242756257 0.0171875 0.012118793502986147
3 0.846875 0.22361748441986182 0.01171875 0.009647756933854178
2 0.85 0.25728396960222294 0.01015625 0.007267639342673604
2 0.80703125 0.3609713608447576 0.01953125 0.009829594889756965