0 0.5649513578125 0.429267359375 0.563027128125 0.4800118203125 0.5587972 0.5233906703125 0.5585765765625 0.564797884375 0.5600253390625001 0.577052578125 0.5648111953125 0.584288209375 0.572604028125 0.5900451140625 0.57803130625 0.6016509234375 0.5790353500000001 0.611727025 0.581443671875 0.614683465625 0.5905689468750001 0.6164071265625 0.6522735859375 0.6153752203125 0.668788025 0.618913528125 0.6816643250000001 0.61911946875 0.68879349375 0.6108190171875 0.696810384375 0.5963067343749999 0.7129792953125 0.5721192546875 0.7220891578125 0.5425767953125 0.728376765625 0.5065765546875001 0.72948 0.49110546250000003 0.7253389609374999 0.44552304062500003 0.725013959375 0.41691541875000004 0.720795971875 0.406567371875 0.7162478703125 0.399759659375 0.7029353953124999 0.3863652 0.6839493437499999 0.3719469421875 0.661615934375 0.3629886640625 0.6316470640625 0.3627977484375 0.5983513625 0.367184978125 0.5846386531250001 0.370986284375 0.5798339890624999 0.3752015 0.5734386046875 0.383903875 0.5687177578125 0.395160765625 0.5670552 0.40273434375 0.5649513578125 0.429267359375
0 0.40281055312499997 0.435122521875 0.39987545 0.497369821875 0.398655934375 0.5604079703125 0.39930761875 0.56433723125 0.40259511875 0.5720917671875 0.4047759484375 0.574179371875 0.4170741171875 0.57793864375 0.42194207187500005 0.5816469390625 0.42386462500000005 0.5841884578125 0.425643503125 0.5929028171875 0.42754552968750004 0.59632616875 0.43690855781250004 0.59847775 0.46174093281250006 0.5958552015625 0.48403157343750003 0.5960081374999999 0.5025506656250001 0.5985606265625 0.514982246875 0.596587978125 0.5225048218749999 0.5926707015625 0.550051675 0.56920806875 0.5549384390625 0.5614655156249999 0.55858340625 0.5432189421875 0.5600355640625 0.5127566671875 0.5585850828125001 0.4899329625 0.5598422546874999 0.4678481109375 0.5655089656250001 0.426595859375 0.568204634375 0.41720662031250005 0.568338046875 0.41147469843750006 0.560967690625 0.3982092046875 0.5303762062499999 0.382197265625 0.52237640625 0.374689690625 0.5100782359375 0.3709304171875 0.4979134796875 0.361439221875 0.4785887671875 0.361571228125 0.445323853125 0.3646357078125 0.42069844375 0.36900892500000004 0.40995166093749996 0.3730951734375 0.4050956859375 0.37951497343749996 0.40373245625000004 0.3848709703125 0.405297540625 0.41341360156249995 0.40281055312499997 0.435122521875
0 0.23506457187500002 0.4157294421875 0.2367870265625 0.4587963421875 0.2345720125 0.50074845625 0.23063969687500002 0.5313407109375 0.23090995312499998 0.5410148921875 0.232295425 0.545346075 0.24009852031249998 0.5506620625 0.2639815984375 0.5568968515625 0.2761668796875 0.5655062125 0.289705128125 0.5692004953125 0.3558740546875 0.567934625 0.39026444374999997 0.5590862328124999 0.39662904062500004 0.5517066109375001 0.3987773671875 0.5445479515625 0.3999746796875 0.5356776187500001 0.402206784375 0.47170564531250003 0.4090383015625 0.412336796875 0.40917171406249997 0.4066048734375 0.407630590625 0.39831843437500003 0.4017688546875 0.38409311874999996 0.3952058375 0.3787121421875 0.38131694843749997 0.379440028125 0.35658719843750003 0.3776534046875 0.3433995921875 0.3695369515625 0.3340570890625 0.3665035375 0.3164274359375 0.3683082265625 0.2743365734375 0.3674314609375 0.24576343750000001 0.3711308109375 0.21630257656250002 0.3810419953125 0.218319209375 0.3901842734375 0.22882995468749998 0.39623911875 0.2319515359375 0.400479315625 0.2338022515625 0.40610725312499996 0.23506457187500002 0.4157294421875
0 0.147147275 0.5106147453125 0.145837075 0.5243351671875 0.146705990625 0.52957418125 0.152608775 0.5420358265624999 0.159874790625 0.5491414781249999 0.164039746875 0.5511250999999999 0.1774018171875 0.5517459609375 0.1890996125 0.5493713875 0.1966649546875 0.55425945625 0.20282430156250003 0.5556981765625 0.2148009015625 0.5519878546875 0.2218582328125 0.5467738234375 0.22912081406249998 0.53274145 0.2311442734375 0.520304784375 0.23327375312499998 0.46074198125 0.23710855625 0.40241094374999997 0.2353998 0.380041153125 0.2283202265625 0.37556800625000003 0.20741333750000002 0.36917724218750003 0.1682268296875 0.3712309203125 0.16191354687499998 0.37640595625 0.15752281562499998 0.38412251249999996 0.15622459375 0.40797103124999995 0.15341775468750002 0.43277937031249997 0.152605303125 0.457042809375 0.1476809234375 0.48768705468749995 0.147147275 0.5106147453125
1 0.1955046832269094 0.38380403267800245 0.023038109707395817 0.017593613749381377
1 0.2757188600886455 0.3905243441888203 0.027889263867708357 0.024870525214770643
1 0.4567870221327427 0.38883793419376905 0.038754028685347205 0.02231873530067894
1 0.6284801841768399 0.38764284712949637 0.03889949905006951 0.028568735300678938
3 0.6557492393633328 0.4899932411820311 0.03657393284565984 0.029227154567984213
3 0.4797322532310412 0.475808989711693 0.02876143284565984 0.028817718792335613
3 0.29735616432520795 0.46663978686187396 0.022329594889756964 0.020677670171816587
3 0.20400620782819406 0.45436551616965914 0.01675174211621524 0.01570356512886235
2 0.20320546761183983 0.5222933225920942 0.017442073138263937 0.01183825870642714
2 0.2942116741088537 0.5346904240170037 0.02300174211621524 0.016031113749381376
2 0.4832735208984717 0.5583348846687388 0.03079605832062491 0.015659299525030156
2 0.6583456028704509 0.5795913297166418 0.03250402868534721 0.021991186680159914