0 0.21145991875 0.4726194046875 0.2065010015625 0.48618502656249996 0.1878210234375 0.47908915781249994 0.18627263593750001 0.49445288437499996 0.1836197828125 0.544552090625 0.18689235625 0.5552167734375 0.196817646875 0.5681135984375 0.20007290156250002 0.57778621875 0.20460328906249997 0.5847306624999999 0.2183409859375 0.5886989171875 0.2390987234375 0.59068304375 0.2765636890625 0.5899389953124999 0.3236898703125 0.5869628046875001 0.36646748906250004 0.5874588375 0.3797253046875 0.5891949484375 0.39123677031250004 0.5919231234375 0.3965277765625 0.5919231234375 0.42908204687499996 0.587706853125 0.44531805625 0.5832425671875 0.4658333609375 0.5713378046875001 0.4929797390625 0.5604251062500001 0.5056234749999999 0.5522405828125 0.5249069421875 0.5455441546875 0.534520534375 0.5405838375 0.5709478171875 0.53091121875 0.5857918093750001 0.5224786781249999 0.6101887875 0.5056135984375 0.6206485265625 0.493589896875 0.6123222015625001 0.42054424375000005 0.6014211921875 0.4126135796875 0.5761811875 0.412404871875 0.510135953125 0.41323968593749993 0.4790017234375 0.4155353984375 0.44125286093750005 0.42158775468750004 0.3931708359375 0.4309793375 0.3803272734375 0.43932740781249996 0.2428706 0.464897440625 0.21145991875 0.4726194046875
0 0.5840704453125001 0.42113095312500004 0.5979423453125 0.4327876984375 0.6042580453124999 0.44097222187499996 0.6085386500000001 0.484126984375 0.6103975609375001 0.4895833328125 0.6148500234375 0.4920634921875 0.637358440625 0.493303571875 0.6664459828125 0.4925595234375 0.692123075 0.4985119046875 0.7140477140625 0.49156746093750003 0.7231597828125 0.4831349203125 0.7257100453125 0.477678571875 0.7296033937499999 0.4228670640625 0.728388215625 0.403769840625 0.726036440625 0.3953373015625 0.7228764265625001 0.39112103125000003 0.7153288859375 0.388144840625 0.700774290625 0.387896825 0.6897773390624999 0.3893849203125 0.650086140625 0.3888888890625 0.6342477578125 0.390873015625 0.6136372125 0.39732142812500004 0.6027008671874999 0.40228174531249994 0.5839838625 0.41617063437499996 0.5840704453125001 0.42113095312500004
0 0.2209612375 0.3824404765625 0.2302291546875 0.3829365078125 0.27564361718749997 0.3829365078125 0.297637521875 0.3799603171875 0.3117425421875 0.3797123015625 0.3232453484375 0.38194444375000003 0.33780860156250003 0.3826884921875 0.35372923749999996 0.3854166671875 0.3625562375 0.3859126984375 0.3717851921875 0.3841765875 0.386780703125 0.384424603125 0.3946652609375 0.3814484125 0.398144978125 0.3787202375 0.3997354796875 0.368799603125 0.3981529828125 0.3539186515625 0.3909987375 0.34821428593750003 0.3856687703125 0.3459821421875 0.3733533953125 0.3477182546875 0.3438335953125 0.3489583328125 0.2555809078125 0.3449900796875 0.22036381718750003 0.34821428593750003 0.2115801078125 0.3501984125 0.206341053125 0.353174603125 0.20392499375 0.36631944375000003 0.20762549687499998 0.3762400796875 0.2121082625 0.3804563484375 0.2209612375 0.3824404765625
0 1 0.451894046875 0.99596993125 0.45114087343750003 0.9862697562499999 0.45114087343750003 0.9448884828124999 0.4548611109375 0.9110331078125 0.46031746093750003 0.8943431937499999 0.4640376984375 0.865294615625 0.4670138890625 0.8288326984375001 0.47470238125 0.7994211250000001 0.48214285781250005 0.7941560953125 0.48363095312500004 0.78979454375 0.48635912656249997 0.783353953125 0.49627976250000005 0.7762393265624999 0.518105159375 0.77468345625 0.5300099203124999 0.7756005781249999 0.5572916671875 0.773616778125 0.5699404765625 0.7740150578125 0.5927579359374999 0.77732659375 0.6056547625 0.7818007015624999 0.609375 0.7976304265625 0.606894840625 0.8197542046875 0.6113591265625 0.845392334375 0.615079365625 0.8587150890625 0.6205357140625 0.87199888125 0.6237599203124999 0.8843748640625 0.62549603125 0.9139336265625 0.6264880953125 0.9638957906250001 0.634424603125 0.9846275546875001 0.634920634375 0.9933896171875001 0.6316964281249999 0.9972929359375 0.627976190625 1 0.6209261500000001 1 0.5896392390625 0.9998721906249999 0.5736607140625 1 0.5717966921875 1 0.451894046875
0 0.17065274218749998 0.3546626984375 0.2063626984375 0.3544146828125 0.22523988125 0.34970238125 0.23571799062499998 0.34375 0.23478420781249998 0.340773809375 0.2210594984375 0.337549603125 0.19021261875 0.3385416671875 0.1654606515625 0.33506944375000003 0.155756146875 0.33482142812500004 0.1315403375 0.33680555624999997 0.1223503453125 0.340773809375 0.12330577499999999 0.3449900796875 0.1309225828125 0.3519345234375 0.1494237828125 0.3509424609375 0.161350190625 0.3521825390625 0.17065274218749998 0.3546626984375
1 0.2873474103051302 0.48359375 0.05021818831160267 0.0125
1 0.626127492286067 0.42265625 0.03142727800317715 0.01015625
1 0.8885241266199102 0.50625 0.045612508928454074 0.0171875
3 0.3398644841683921 0.53828125 0.05042273985373029 0.02421875
3 0.6564286469124496 0.4578125 0.03929432508107773 0.01328125
3 0.939465063713697 0.56015625 0.015897735389503252 0.015625
2 0.347291200483172 0.5609375 0.03603295738632619 0.00546875
2 0.6676388823019531 0.4734375 0.026657957386326103 0.00546875
2 0.9428179346548596 0.61796875 0.043981825081078084 0.01328125