0 0.56634361875 0.40108671406249996 0.5636650999999999 0.42859879218749997 0.5628212859375 0.4494191265625 0.56092264375 0.46205025468749994 0.5585417921875 0.5169184390625 0.5566192640625001 0.53944420625 0.5566288703125 0.5628580515625 0.5532236312500001 0.5900784375 0.5475981953125 0.6124684859375 0.5471009953125 0.6266750640625001 0.5506652562500001 0.6294562859374999 0.560643271875 0.632560934375 0.5648995890624999 0.636295225 0.569621496875 0.6594621093749999 0.571645671875 0.6633133828125 0.5747485640625001 0.6654592234375001 0.59992486875 0.666448246875 0.678823190625 0.6570368890625 0.7337440703125 0.6567968421875 0.74803695 0.65307976875 0.74991170625 0.65034328125 0.75294644375 0.639631290625 0.7582653171875 0.6278102546875 0.761634725 0.615431828125 0.760615725 0.5924006609375 0.7641488328125 0.553301509375 0.7685042046875 0.474915496875 0.768546590625 0.4505095859375 0.76677815625 0.42290078124999997 0.767340459375 0.3885742375 0.766002953125 0.3810594015625 0.7640654312499999 0.37555469218750004 0.7619719328125 0.3730261703125 0.7516018703125 0.3679633890625 0.7193663625 0.3600891734375 0.6916525203125 0.35560556249999997 0.6691177374999999 0.35612699999999997 0.6405265906250001 0.3589445171875 0.6207080375 0.36427029843750003 0.60167358125 0.373512340625 0.5784921796875 0.381652596875 0.5741026031249999 0.38518044218749997 0.5679129796875 0.394738653125 0.56634361875 0.40108671406249996
4 0.250850678125 0.442608840625 0.247582915625 0.48136430625 0.24518824218750002 0.4940214296875 0.24268302656250001 0.5182266328125 0.2372871078125 0.5551149515625 0.233796384375 0.5698081953125 0.23290713749999997 0.5820566421875 0.23343666093749998 0.595549853125 0.23084596249999997 0.6072279109375 0.2302155046875 0.6286966234375 0.23146635781249997 0.6378648984375 0.23460929843749997 0.6439659953125 0.24230317812500002 0.6481796906249999 0.2486995984375 0.64883380625 0.283987175 0.6456653453125 0.2903142734375 0.6476422125 0.3078995140625 0.656613996875 0.35615862656249997 0.6560635203125 0.41847337656250005 0.6610422328125 0.448127078125 0.642669390625 0.47600462187500003 0.6204322765625 0.510318634375 0.6028045359374999 0.5195017765625 0.5927596609375 0.527618146875 0.579472896875 0.5327929890624999 0.56568073125 0.537692878125 0.52881840625 0.5418086703125 0.48803981875 0.5456375671875 0.4291383921875 0.54558674375 0.415949871875 0.5432344546875 0.4042010875 0.5391514421875 0.3971599171875 0.5167337562500001 0.3765693265625 0.4964030109375 0.368071209375 0.450551684375 0.3368366578125 0.44059100156250003 0.333401321875 0.43422924218750003 0.3320858296875 0.40412728124999997 0.330695390625 0.3211806078125 0.33240420312499996 0.3094372109375 0.33466854687500003 0.2719455953125 0.3468565671875 0.2651505703125 0.3538082703125 0.26031039843750003 0.36593399843749996 0.2577197 0.37761205468750003 0.256529275 0.405046146875 0.250850678125 0.442608840625
4 0.17160950625 0.5529507171875 0.1731430359375 0.5614446171874999 0.1830917765625 0.5698272734375001 0.1922498640625 0.5838576203125 0.1985423015625 0.5864958640625 0.21006040312500002 0.5885304625 0.2248893625 0.588742646875 0.23149375156250002 0.585428509375 0.23483388437500002 0.578328090625 0.23911525781249998 0.557987159375 0.240956521875 0.5417314640625001 0.24542853281250002 0.5177529671875 0.2483562375 0.47604730625 0.25021852031249997 0.4523459640625 0.2538500359375 0.42871147656249997 0.2565301453125 0.4049673625 0.2215590375 0.406878859375 0.21592399375000002 0.40585506093749996 0.193129253125 0.4113368171875 0.18705555625 0.4139635828125 0.180791225 0.42022791562500006 0.175276328125 0.4310698859375 0.172538090625 0.48331856249999994 0.1732636390625 0.4977908390625 0.17160950625 0.5529507171875
0 0 0.549571359375 0.00551038125 0.5507388 0.033115845312499996 0.548533878125 0.040837971875000004 0.5478854531249999 0.0471745890625 0.54585846875 0.0506616484375 0.5448282671875 0.05180074999999999 0.53764999375 0.05405783125 0.5285487484375 0.06223009375000001 0.5230357609375 0.069940203125 0.5117843343749999 0.0785690296875 0.5072643609374999 0.092659278125 0.50771235625 0.09258111718749999 0.4800895984375 0.08409164375 0.47726819843749996 0.0712182078125 0.46798897031250003 0.031218826562500003 0.4714648765625 0.008597390625 0.47363975468749997 0 0.47867677343750004 0 0.5358826875 0.0009921078124999999 0.5423316093749999 0 0.54602134375 0 0.549571359375
3 0.017344714496922382 0.5164162160788021 0.015130355042954135 0.006246677973732772
1 0.022683989711693036 0.4888677481909777 0.010606629353213637 0.009126016508343326
2 0.017760794325105855 0.5382093289236722 0.008839411465389257 0.005137879353213748
1 0.38812860527009674 0.39881712177844014 0.04999003392119796 0.047028808231457477
3 0.3070014360027914 0.4007315038451872 0.0663143967660682 0.046326123360319826
2 0.4015316067404348 0.5741922580290588 0.043129202283992106 0.02017970318850324
1 0.664936766735486 0.3796355953204741 0.03576708163720586 0.028364017412854547
3 0.6920990530315331 0.4857284650627493 0.04925304952503016 0.03296630823145748
2 0.7226795884230691 0.6157944233396352 0.0487617265942518 0.023591308231457477