0 0.6229595390625 0.4061602671875 0.6001420796875 0.4131047109375 0.595925809375 0.416411590625 0.59022144375 0.4256708484375 0.5889813640625 0.43195391875 0.5877412859375 0.4594010078125 0.5879893015625 0.48023434062500003 0.586749221875 0.49280047812500005 0.5872452531250001 0.5476946593750001 0.58650120625 0.57018143125 0.5877412859375 0.5936602671875 0.5857571578125 0.62077666875 0.5812928734375 0.6429327546875 0.5815408890625 0.65715233125 0.5852611265625 0.660128521875 0.595429778125 0.6637660875 0.5998940625 0.667734340625 0.60584644375 0.6912131765625 0.6080785875 0.69518143125 0.61130279375 0.6974962453125 0.6366004125 0.6998110609375 0.71522144375 0.69452005625 0.7702809687500001 0.6971655578125 0.7844178734375 0.6941893671875 0.7861539843750001 0.691543865625 0.7886341421874999 0.6809618546875 0.79334644375 0.6693877796875001 0.79607461875 0.65715233125 0.7938424765625001 0.6340041828125 0.795330571875 0.59498301875 0.7955785875 0.516610003125 0.7943385078125 0.492139103125 0.7911143015625 0.46436132499999994 0.789874221875 0.42996979062499996 0.7881381109375 0.42236397031250006 0.7859059687500001 0.416742278125 0.7836738249999999 0.414096775 0.7730091421874999 0.40847508125000004 0.740271046875 0.398885134375 0.7122452531250001 0.3929327546875 0.689675809375 0.392271378125 0.6611539843750001 0.39359412968749996 0.6415607296875 0.397893071875 0.6229595390625 0.4061602671875
4 0.28447420625 0.36871693125 0.28025793593750004 0.38062169375 0.278273809375 0.3921957671875 0.278521825 0.41964285781250005 0.2748015875 0.45701058124999994 0.2735615078125 0.49570105781249996 0.271825396875 0.5082671953125 0.2705853171875 0.5324074078125001 0.2671130953125 0.5691137562499999 0.2643849203125 0.583664021875 0.2641369046875 0.5958994703125 0.265376984375 0.609457671875 0.2633928578125 0.6210317453124999 0.2638888890625 0.6425264546875 0.265625 0.6517857140625 0.26909722187499996 0.6580687828125 0.2770337296875 0.6626984125 0.2834821421875 0.6636904765625 0.318700396875 0.662367725 0.325148809375 0.6646825390625 0.34325396874999997 0.674603175 0.39161706406249996 0.6765873015625 0.4543650796875 0.684854496875 0.4831349203125 0.6679894187500001 0.509920634375 0.6471560843749999 0.543402778125 0.63128306875 0.5520833328125 0.621693121875 0.559523809375 0.608796296875 0.5639880953125 0.5952380953125 0.5669642859375 0.5585317453124999 0.5689484125 0.5178571421875 0.5696924609375 0.45899470937500003 0.5689484125 0.4457671953125 0.565972221875 0.43386243437500005 0.5615079359374999 0.4265873015625 0.5379464281249999 0.4047619046875 0.5171130953125 0.39517195781250003 0.46949404687499996 0.3614417984375 0.459325396875 0.35747354531250003 0.452876984375 0.35582010625 0.42261904687499996 0.352843915625 0.3395337296875 0.3501984125 0.327876984375 0.3518518515625 0.29092261875 0.362103175 0.28447420625 0.36871693125
4 0.203373015625 0.43088624375 0.1984126984375 0.44146825468750006 0.1984126984375 0.49371693125 0.19990079375 0.5082671953125 0.20114087343749998 0.5634920640625001 0.203125 0.572089946875 0.21354166718749998 0.58101851875 0.2234623015625 0.5955687828125 0.2299107140625 0.5985449734375 0.24156746093749998 0.6011904765625 0.2564484125 0.6021825390625 0.262896825 0.5992063484375 0.265873015625 0.5922619046875 0.26909722187499996 0.572089946875 0.27008928593750003 0.5558862437500001 0.2733134921875 0.5320767203125001 0.2740575390625 0.490410053125 0.2746793953125 0.4667413015625 0.2770788703125 0.4432325640625 0.2785185578125 0.4195639015625 0.2435515875 0.41964285781250005 0.237847221875 0.41832010625000005 0.215277778125 0.42261904687499996 0.209325396875 0.4249338625 0.203373015625 0.43088624375
0 0.017255428125 0.4811633921875 0.0141954078125 0.48303291875000004 0.0140679140625 0.49068096875 0.014705415625 0.49866893437500004 0.0140679140625 0.5177040796875 0.019295446875 0.5197435593749999 0.0264354921875 0.5289212187500001 0.0294955140625 0.543877403125 0.027965503125000003 0.5508456374999999 0.034468048437499996 0.55254519375 0.062033667187499995 0.551784925 0.0697429859375 0.551540528125 0.0759905328125 0.5498409640624999 0.07943305625 0.5489911765625 0.0801980625 0.541852996875 0.08198307031249999 0.5328452984375 0.0898881203125 0.5277465984374999 0.097028178125 0.5168693656250001 0.1054432359375 0.5127904062499999 0.11959583437500002 0.5139801078125 0.11806582343750001 0.48627716562499995 0.1094046984375 0.48300185625000003 0.0960081640625 0.47302054531250004 0.0560812859375 0.474403971875 0.033511840625 0.4753960359375 0.02426798125 0.48048356718749996 0.017255428125 0.4811633921875
3 0.04453125 0.51875 0.01484375 0.00546875
1 0.0484375 0.49140625 0.01015625 0.00859375
2 0.04609375 0.540625 0.00859375 0.0046875
1 0.41015625 0.4203125 0.04765625 0.04453125
3 0.32890625 0.41796875 0.0640625 0.04296875
2 0.4328125 0.596875 0.0421875 0.01796875
1 0.68671875 0.415625 0.034375 0.0265625
3 0.71953125 0.5234375 0.04765625 0.03046875
2 0.75703125 0.65546875 0.04765625 0.02109375