0 0.2142106546875 0.461969603125 0.20933069375 0.4758075203125 0.1906094140625 0.4696841375 0.189150446875 0.485143065625 0.18678918125 0.53542713125 0.190123825 0.5459300625 0.200124178125 0.558318521875 0.2034357296875 0.567829390625 0.2080065359375 0.574542759375 0.22176732656249998 0.57779468125 0.2425366125 0.5786927562499999 0.2799972484375 0.5759845718750001 0.3271061078125 0.5705358796875 0.3698866125 0.5687904859375 0.3831545328125 0.5698333734375 0.394681878125 0.571960753125 0.399972884375 0.5716834640624999 0.4325026140625 0.5657572390625 0.448712640625 0.5604379765624999 0.46915865625000003 0.5474471624999999 0.49624152187500004 0.5351018 0.5088376218749999 0.526247159375 0.5280821140625 0.5185340015625 0.5376668359375001 0.51306531875 0.5740378234375 0.5014747796875 0.5888327359375001 0.49225658437500003 0.61313155625 0.474097484375 0.623521315625 0.4615146125 0.6147698515625 0.388838503125 0.6038226828125 0.38147188125 0.5785814640625 0.38258575625 0.5125410890625 0.3868826171875 0.48142022031250004 0.39081210624999996 0.4437065828125 0.3988483328125 0.39567921875 0.41076837812500006 0.38288424375 0.4197971890625 0.2455763921875 0.45259441093749997 0.2142106546875 0.461969603125
0 0.5865215078125 0.3909063609375 0.600461253125 0.4018467734375 0.6068245890624999 0.4097077921875 0.6113563640625 0.4526776953125 0.6132470296875 0.4580416140625 0.6177139281249999 0.46029069843750003 0.6402295640625 0.460352296875 0.6693127750000001 0.45808315312500003 0.6950245109375001 0.46269530000000003 0.71690873125 0.45459548281249995 0.7259717218749999 0.445677684375 0.7284902265625 0.440082690625 0.7320645625 0.38501700156249996 0.730738234375 0.3659659921875 0.72833738125 0.357648990625 0.7251528265625 0.3535944734375 0.7175879640625 0.351011109375 0.703031925 0.35152564062499997 0.6920436343749999 0.3535914234375 0.6523495484375 0.355175065625 0.6365227140624999 0.3579910625 0.6159497 0.36552552656250004 0.6050422234374999 0.37106353125 0.58640605625 0.3859460421875 0.5865215078125 0.3909063609375
0 0.223187115625 0.37121023750000004 0.23245792031249998 0.3712210125 0.2778723828125 0.368840940625 0.29984896562499996 0.3647093765625 0.313952540625 0.3637219203125 0.3254683390625 0.36535326874999996 0.340035921875 0.3653347703125 0.3559724359375 0.36723107499999996 0.3648023234375 0.36726495625 0.374021175 0.3650435890625 0.389018128125 0.36450594999999997 0.396885365625 0.361113825 0.40034920312500005 0.35820078906249997 0.401881965625 0.348187725 0.40021285781250004 0.3333760953125 0.3930254125 0.32804145 0.387682453125 0.326086596875 0.3753771828125 0.32846971875 0.34586459999999997 0.33125799843750003 0.257588815625 0.3319112421875 0.2223904921875 0.336984046875 0.2136183296875 0.3394303234375 0.20839659687499998 0.3426838046875 0.20605704375 0.35596728906249997 0.20981528593749998 0.365703065625 0.2143225921875 0.369688259375 0.223187115625 0.37121023750000004
0 1 0.39954588750000003 0.9985956578125 0.39935699687500004 0.9888954828125 0.39986536093749997 0.9475358625 0.4057577015625 0.91371224375 0.41299332812499995 0.8970439828125001 0.41759165 0.8680127265625 0.42209293593749997 0.8315955578124999 0.43169934843749996 0.8022272906250001 0.44068802656250006 0.7969709218750001 0.44245341250000003 0.7926252484375 0.4454126609375 0.786242396875 0.45567990937499997 0.7792547984375 0.4778981328125 0.777768215625 0.4898953234375 0.7788441234375 0.5171539625 0.7769339421875 0.529918309375 0.7774650234375 0.5527357687500001 0.7808516203125 0.56547084375 0.7853473828124999 0.56896000625 0.801162671875 0.5656479765625 0.8233124343749999 0.5689568890625 0.848972215625 0.5713368937500001 0.862326728125 0.5761000171874999 0.875629284375 0.578631 0.888015371875 0.5797201000000001 0.9175799078125 0.5791639625 0.967588265625 0.5844893250000001 0.988322915625 0.5838993046875001 0.9970662125 0.5802129484375 1 0.5772439859375 1 0.39954588750000003
0 0.172716946875 0.34604360624999997 0.20842546093749997 0.343923884375 0.22727521562500003 0.3382179609375 0.23771868281250003 0.331711 0.2367675765625 0.32878102343750004 0.22302410312499998 0.32627315 0.192182996875 0.32888273749999997 0.1674108203125 0.326704534375 0.15770487187499999 0.32696488281249997 0.1335006109375 0.33021992187500004 0.1243337140625 0.3346734328125 0.1253136828125 0.3388434890625 0.132970909375 0.3453951046875 0.1514663359375 0.343432528125 0.1633999609375 0.344048703125 0.172716946875 0.34604360624999997
1 0.29016201947038234 0.4689768928093393 0.05029094072944442 0.015120388964152198
1 0.6285874334143406 0.3902289365686183 0.0314863893426736 0.011793993102595036
1 0.8914705995425004 0.46014753166194977 0.04571254350298624 0.01956222749876275
3 0.3429973851617018 0.5209621166900575 0.05056369766329869 0.026839138964152198
3 0.6590932042159031 0.42382933062115297 0.03937162452503475 0.015328428878243728
3 0.9427252814382296 0.5114333926977976 0.015988675911805573 0.016443871551297562
2 0.35055596523381993 0.5432498744919736 0.036064786569131965 0.007352154567984215
2 0.6703943801277087 0.43888112053524464 0.026689786569131967 0.0068608316372056775
2 0.9464146323119103 0.569123061965103 0.044059124525034576 0.015574090343632996