0 0.580853175 0.37169312187500003 0.544394840625 0.38095238125 0.528769840625 0.38624338593749996 0.5084325390625 0.396164021875 0.49156746093750003 0.396825396875 0.4796626984375 0.40046296249999996 0.47073412656249997 0.4014550265625 0.45684523749999995 0.4007936515625 0.45238095312500004 0.40277777812500004 0.45089285781250005 0.4047619046875 0.4424603171875 0.4074074078125 0.4310515875 0.40707672031250003 0.42261904687499996 0.4050925921875 0.415674603125 0.39451058125 0.40823412656249997 0.391203703125 0.403521825 0.390542328125 0.38715277812500004 0.390542328125 0.35615079375 0.39384920625 0.340773809375 0.40277777812500004 0.333829365625 0.4110449734375 0.325396825 0.41798941875000006 0.32217261875 0.428240740625 0.318204365625 0.43154761875 0.3033234125 0.4371693125 0.2981150796875 0.44179894218750004 0.294146825 0.4480820109375 0.2914186515625 0.45568783125 0.2849702375 0.49140211562499997 0.287450396875 0.515211640625 0.2884424609375 0.541005290625 0.2862103171875 0.56845238125 0.28571428593750003 0.590608465625 0.2859623015625 0.6230158734375 0.28819444375000003 0.646164021875 0.2926587296875 0.650132275 0.303075396875 0.6524470906250001 0.35590277812500004 0.6583994703125 0.390376984375 0.672619046875 0.3970734125 0.6739417984375 0.41617063437499996 0.6739417984375 0.4310515875 0.6709656078124999 0.446924603125 0.6699735453125 0.45758928593750003 0.6699735453125 0.481398809375 0.6732804234375 0.49627976250000005 0.66898148125 0.5136408734375 0.659060846875 0.521825396875 0.6521164015625 0.5292658734375 0.6484788359375 0.5580357140625 0.6425264546875 0.5731646828125 0.6369047625 0.5927579359374999 0.6269841265625 0.60887896875 0.6240079359374999 0.6210317453124999 0.61871693125 0.643601190625 0.6200396828125 0.6736111109375 0.61937830625 0.684523809375 0.6177248671875 0.6966765875 0.6130952375 0.7016369046875 0.609788359375 0.7053571421875 0.6051587296875 0.7118055562500001 0.590277778125 0.7175099203124999 0.583994709375 0.737103175 0.5767195765625 0.7703373015625 0.5585317453124999 0.7723214281249999 0.5558862437500001 0.77529761875 0.5459656078124999 0.7775297625 0.5168650796875001 0.7748015875 0.4705687828125 0.775049603125 0.4454365078125 0.7735615078125 0.4209656078125 0.7735615078125 0.3918650796875 0.7720734125 0.3822751328125 0.7705853171875 0.378637565625 0.759424603125 0.36805555624999997 0.721478175 0.3624338625 0.7073412703125 0.3581349203125 0.6946924609375 0.35747354531250003 0.6830357140625 0.36044973593749996 0.6212797625 0.365410053125 0.580853175 0.37169312187500003
1 0.3421875 0.46015625 0.0375 0.02421875
3 0.3640625 0.5515625 0.0296875 0.02421875
2 0.3765625 0.6421875 0.02734375 0.0125
2 0.74453125 0.41953125 0.0296875 0.02109375
0 0.6946924609375 0.2179232796875 0.690972221875 0.2390873015625 0.690972221875 0.25628306875 0.6959325390625 0.290674603125 0.6964285718750001 0.303902115625 0.699652778125 0.31812169375 0.7043650796875001 0.32903439218749997 0.7105654765625 0.3359788359375 0.722222221875 0.3422619046875 0.7363591265625 0.353174603125 0.747271825 0.3581349203125 0.7916666671875 0.3614417984375 0.8072916671874999 0.3614417984375 0.812251984375 0.360119046875 0.8211805562500001 0.3544973546875 0.825644840625 0.34821428593750003 0.828125 0.339947090625 0.825644840625 0.26884920625 0.8226686515624999 0.24305555625 0.8209325390625001 0.2380952375 0.8125 0.227513228125 0.797123015625 0.2166005296875 0.7745535718750001 0.20833333281250002 0.75 0.203373015625 0.7428075390625 0.203042328125 0.708829365625 0.20800264531249998 0.69717261875 0.2139550265625 0.6946924609375 0.2179232796875
0 0.6498015875 0.2146164015625 0.6540178578125 0.227843915625 0.658978175 0.23611111093749998 0.6731150796875001 0.2367724875 0.681795634375 0.23478835937500003 0.687251984375 0.22916666718749998 0.6922123015625 0.2208994703125 0.6964285718750001 0.2172619046875 0.71504908125 0.2053646921875 0.7731432265625 0.208761115625 0.8103438796875 0.23423433437500002 0.8330853171875001 0.24470899531249998 0.838045634375 0.24470899531249998 0.8495828921875 0.24544255 0.8564624609375 0.24544255 0.8572268578125 0.227781125 0.8571428578125 0.1924603171875 0.8576388890625 0.16699735468750002 0.855902778125 0.16071428593749998 0.849454365625 0.1544312171875 0.8325892859374999 0.1554232796875 0.8087797625 0.1504629625 0.7857142859375 0.1484788359375 0.752728175 0.14781746093749998 0.7266865078125 0.1488095234375 0.7083333328125 0.14748677187499998 0.6976686515625 0.14914021093750002 0.6862599203124999 0.14914021093750002 0.672123015625 0.147156084375 0.658978175 0.147156084375 0.653273809375 0.1617063484375 0.653521825 0.1917989421875 0.6498015875 0.2146164015625
1 0.78671875 0.24921875 0.01484375 0.01171875
1 0.83359375 0.1703125 0.0140625 0.00859375
3 0.8015625 0.29765625 0.0171875 0.01171875
3 0.846875 0.20390625 0.01171875 0.009375
2 0.85 0.2375 0.01015625 0.00703125
2 0.80703125 0.3421875 0.01953125 0.009375